09:50:56.760 timestamp,temperature,prediction
09:50:56.760 360000,20.75,23.21
09:56:57.118 720000,20.88,22.53
10:02:56.984 1080000,20.88,22.03
10:08:56.843 1440000,21.00,21.74
10:14:56.714 1800000,21.06,21.54
10:20:57.094 2160000,21.06,21.39
10:26:56.959 2520000,21.19,21.36
10:32:56.833 2880000,21.25,21.34
10:38:57.194 3240000,21.31,21.35
10:44:57.062 3600000,21.31,21.35
10:50:56.926 3960000,21.37,21.38
10:56:57.290 4320000,21.37,21.39
11:02:57.157 4680000,21.50,21.46
11:08:57.027 5040000,21.56,21.50
11:14:56.894 5400000,21.56,21.52
11:20:56.761 5760000,21.62,21.56
11:26:57.122 6120000,21.62,21.58
11:32:56.990 6480000,21.69,21.61
11:38:56.856 6840000,21.75,21.65
11:44:56.725 7200000,21.75,21.66
11:50:57.065 7560000,21.87,21.72
11:56:56.957 7920000,21.87,21.73
12:02:56.822 8280000,21.94,21.76
12:08:57.185 8640000,22.00,21.80
12:14:57.055 9000000,22.06,21.85
12:20:56.919 9360000,22.06,21.86
12:26:56.786 9720000,22.13,21.91
12:32:57.150 10080000,22.13,21.92
12:38:57.024 10440000,22.19,21.96
12:44:56.885 10800000,22.25,22.01
12:50:56.754 11160000,22.25,22.03
12:56:57.122 11520000,22.31,22.07
13:02:56.983 11880000,22.37,22.12
13:08:56.851 12240000,22.37,22.14
13:14:56.722 12600000,22.44,22.19
13:20:57.082 12960000,22.44,22.20
13:26:56.950 13320000,22.50,22.25
13:32:56.821 13680000,22.56,22.29
13:38:56.684 14040000,22.56,22.31
13:44:57.051 14400000,22.62,22.36
13:50:56.911 14760000,22.62,22.38
13:56:56.783 15120000,22.62,22.39
14:02:57.148 15480000,22.69,22.43
14:08:57.014 15840000,22.69,22.44
14:14:56.882 16200000,22.69,22.45
14:20:57.249 16560000,22.75,22.48
14:26:57.109 16920000,22.75,22.49
14:32:56.977 17280000,22.69,22.47
14:38:56.846 17640000,22.75,22.50
14:44:56.714 18000000,22.75,22.50
14:50:56.786 18360000,22.81,22.53
14:56:57.151 18720000,22.75,22.51
15:02:57.016 19080000,22.75,22.51
15:08:56.884 19440000,22.81,22.54
15:14:56.751 19800000,22.81,22.55
15:20:57.114 20160000,22.87,22.58
15:26:56.986 20520000,22.81,22.57
15:32:56.849 20880000,22.87,22.60
15:38:56.728 21240000,22.87,22.62
15:44:57.078 21600000,22.94,22.66
15:50:56.953 21960000,22.94,22.67
15:56:56.818 22320000,23.06,22.74
16:02:56.684 22680000,22.94,22.71
16:08:57.022 23040000,22.94,22.73
16:14:56.897 23400000,23.06,22.79
16:20:56.757 23760000,23.00,22.78
16:26:57.128 24120000,23.00,22.79
16:32:56.983 24480000,23.12,22.86
16:38:56.850 24840000,23.12,22.87
16:44:56.721 25200000,23.06,22.86
16:50:57.076 25560000,23.12,22.89
16:56:56.943 25920000,23.12,22.90
17:02:56.827 26280000,23.19,22.94
17:08:56.697 26640000,23.12,22.92
17:14:57.057 27000000,23.19,22.96
17:20:56.930 27360000,23.19,22.96
17:26:56.797 27720000,23.12,22.94
17:32:56.661 28080000,23.12,22.94
17:38:57.029 28440000,23.12,22.94
17:44:56.894 28800000,23.12,22.93
17:50:56.759 29160000,23.12,22.93
17:56:57.120 29520000,23.12,22.93
18:02:56.989 29880000,23.12,22.93
18:08:56.857 30240000,23.12,22.93
18:14:56.728 30600000,23.06,22.90
18:20:57.090 30960000,23.06,22.89
18:26:56.956 31320000,23.06,22.89
18:32:56.827 31680000,23.06,22.89
18:38:56.692 32040000,23.06,22.89
18:44:57.056 32400000,23.00,22.86
18:50:56.918 32760000,23.00,22.86
18:56:56.784 33120000,22.94,22.83
19:02:56.658 33480000,23.00,22.85
19:08:57.021 33840000,23.00,22.85
19:14:56.888 34200000,22.94,22.83
19:20:56.757 34560000,23.00,22.85
19:26:57.114 34920000,22.94,22.83
19:32:56.981 35280000,22.94,22.83
19:38:56.855 35640000,22.87,22.80
19:44:56.720 36000000,22.94,22.83
19:50:57.088 36360000,22.94,22.83
19:56:56.949 36720000,22.87,22.81
20:02:56.823 37080000,22.87,22.81
20:08:56.687 37440000,22.87,22.80
20:14:57.053 37800000,22.87,22.80
20:20:56.917 38160000,22.81,22.77
20:26:56.790 38520000,22.87,22.80
20:32:56.650 38880000,22.81,22.77
20:38:57.014 39240000,22.81,22.77
20:44:56.883 39600000,22.81,22.76
20:50:56.755 39960000,22.81,22.76
20:56:56.623 40320000,22.81,22.76
21:02:56.978 40680000,22.75,22.73
21:08:56.847 41040000,22.75,22.72
21:14:56.712 41400000,22.75,22.72
21:20:57.080 41760000,22.75,22.71
21:26:56.954 42120000,22.69,22.68
21:32:56.818 42480000,22.69,22.68
21:38:56.682 42840000,22.69,22.67
21:44:57.051 43200000,22.69,22.66
21:50:56.911 43560000,22.69,22.66
21:56:56.782 43920000,22.62,22.63
22:02:56.658 44280000,22.62,22.63
22:08:57.014 44640000,22.56,22.59
22:14:56.886 45000000,22.56,22.58
22:20:56.747 45360000,22.50,22.55
22:26:56.615 45720000,22.50,22.53
22:32:56.975 46080000,22.50,22.52
22:38:56.846 46440000,22.44,22.49
22:44:56.716 46800000,22.37,22.45
22:50:57.076 47160000,22.37,22.43
22:56:56.945 47520000,22.31,22.39
23:02:56.812 47880000,22.31,22.37
23:08:56.680 48240000,22.31,22.36
23:14:57.043 48600000,22.31,22.35
23:20:56.908 48960000,22.31,22.35
23:26:56.777 49320000,22.25,22.32
23:32:56.648 49680000,22.19,22.28
23:38:57.008 50040000,22.19,22.27
23:44:56.875 50400000,22.25,22.29
23:50:56.744 50760000,22.13,22.24
23:56:56.611 51120000,22.19,22.26
00:02:56.973 51480000,22.19,22.26
00:08:56.843 51840000,22.19,22.26
00:14:56.712 52200000,22.13,22.23
00:20:56.580 52560000,22.06,22.20
00:26:56.943 52920000,22.06,22.19
00:32:56.807 53280000,22.00,22.15
00:38:56.676 53640000,22.06,22.17
00:44:57.037 54000000,22.00,22.13
00:50:56.906 54360000,22.00,22.12
00:56:56.777 54720000,21.94,22.09
01:02:56.637 55080000,21.94,22.07
01:08:56.981 55440000,21.94,22.06
01:14:56.872 55800000,21.87,22.02
01:20:56.738 56160000,21.87,22.01
01:26:56.607 56520000,21.81,21.97
01:32:56.965 56880000,21.81,21.95
01:38:56.833 57240000,21.81,21.94
01:44:56.700 57600000,21.81,21.93
01:50:56.572 57960000,21.81,21.92
01:56:56.938 58320000,21.81,21.91
02:02:56.805 58680000,21.75,21.88
02:08:56.670 59040000,21.75,21.88
02:14:57.037 59400000,21.69,21.84
02:20:56.900 59760000,21.69,21.83
02:26:56.978 60120000,21.62,21.80
02:32:56.839 60480000,21.62,21.78
02:38:56.713 60840000,21.62,21.77
02:44:56.578 61200000,21.62,21.76
02:50:56.939 61560000,21.62,21.75
02:56:56.811 61920000,21.56,21.72
03:02:56.677 62280000,21.56,21.71
03:08:57.034 62640000,21.50,21.67
03:14:56.904 63000000,21.50,21.66
03:20:56.773 63360000,21.50,21.65
03:26:56.641 63720000,21.37,21.58
03:32:57.003 64080000,21.44,21.58
03:38:56.871 64440000,21.44,21.57
03:44:56.741 64800000,21.44,21.56
03:50:56.603 65160000,21.44,21.56
03:56:56.972 65520000,21.44,21.55
04:02:56.835 65880000,21.44,21.55
04:08:56.706 66240000,21.44,21.55
04:14:56.576 66600000,21.44,21.56
04:20:56.940 66960000,21.37,21.53
04:26:56.806 67320000,21.44,21.55
04:32:56.670 67680000,21.44,21.56
04:38:56.538 68040000,21.37,21.53
04:44:56.900 68400000,21.44,21.56
04:50:56.771 68760000,21.37,21.53
04:56:56.638 69120000,21.37,21.53
05:02:56.999 69480000,21.44,21.55
05:08:56.866 69840000,21.37,21.52
05:14:56.738 70200000,21.37,21.52
05:20:56.610 70560000,21.31,21.48
05:26:56.967 70920000,21.37,21.49
05:32:56.833 71280000,21.31,21.46
05:38:56.705 71640000,21.31,21.45
05:44:56.568 72000000,21.31,21.44
05:50:57.431 72360000,21.25,21.40
05:56:56.806 72720000,21.25,21.38
06:02:56.671 73080000,21.19,21.34
06:08:56.531 73440000,21.25,21.35
06:14:56.901 73800000,21.19,21.31
06:20:56.767 74160000,21.19,21.30
06:26:56.635 74520000,21.19,21.29
06:32:56.993 74880000,21.12,21.25
06:38:56.863 75240000,21.12,21.24
06:44:56.727 75600000,21.06,21.20
06:50:56.598 75960000,21.06,21.19
06:56:57.073 76320000,21.06,21.18
07:02:56.828 76680000,21.00,21.14
07:08:56.697 77040000,21.00,21.13
07:14:56.562 77400000,20.94,21.09
07:20:56.929 77760000,20.94,21.07
07:26:56.792 78120000,20.94,21.06
07:32:56.660 78480000,20.88,21.03
07:38:56.528 78840000,20.88,21.01
07:44:56.892 79200000,20.88,21.00
07:50:56.758 79560000,20.88,21.00
07:56:56.628 79920000,20.81,20.96
08:02:56.495 80280000,20.81,20.95
08:08:56.853 80640000,20.88,20.97
08:14:56.732 81000000,20.81,20.95
08:20:57.088 81360000,20.81,20.94
08:26:56.953 81720000,20.81,20.94
08:32:56.822 82080000,20.81,20.94
08:38:56.692 82440000,20.75,20.91
08:44:56.559 82800000,20.69,20.87
08:50:56.922 83160000,20.69,20.86
08:56:56.793 83520000,20.69,20.85
09:02:56.656 83880000,20.69,20.83
09:08:56.527 84240000,20.69,20.82
09:14:56.891 84600000,20.75,20.85
09:20:56.754 84960000,20.75,20.85
09:26:56.623 85320000,20.75,20.85
09:32:56.497 85680000,20.75,20.85
09:38:56.854 86040000,20.75,20.86
09:44:56.721 86400000,20.88,20.92
09:50:56.584 86760000,20.88,20.94
09:56:54.402 87120000,21.00,21.01
10:02:54.263 87480000,20.94,21.01
10:08:54.134 87840000,20.94,21.03
10:14:54.004 88200000,21.00,21.07
10:20:54.362 88560000,21.00,21.09
10:26:54.233 88920000,21.06,21.13
10:32:54.099 89280000,21.00,21.12
10:38:53.971 89640000,21.19,21.21
10:44:54.320 90000000,21.19,21.23
